5.026 6.375 6.976
5.740 3.791 3.485
5.227 5.521 5.166
1.569 2.856 2.558
5.638 4.106 3.658
4.711 5.840 5.805
7.098 6.377 6.421
2.448 3.313 3.756
1.329 6.408 5.889
2.390 6.857 6.166
5.944 6.365 6.545
6.088 5.391 7.293
7.340 4.169 4.312
7.046 5.179 6.010
6.179 8.243 8.695
6.881 7.223 6.893
6.665 7.496 7.535
4.130 7.810 7.037
2.307 3.014 2.281
4.856 5.144 4.855
5.015 4.732 3.838
2.228 4.700 5.220
5.362 6.096 5.326
2.016 5.416 5.529
4.124 7.875 8.037
4.939 4.491 3.475
8.633 6.715 7.478
2.736 7.403 7.806
2.042 7.919 7.293
5.864 4.725 5.159
5.287 4.375 4.873
3.097 4.819 5.109
7.893 3.660 3.918
4.177 5.414 5.122
5.668 6.247 5.999
9.747 2.218 2.847
6.492 5.035 5.329
1.751 5.999 5.893
4.358 4.594 4.514
3.848 5.299 4.729
5.483 4.072 4.492
5.582 4.809 5.017
1.850 6.815 7.047
4.628 5.174 3.940
7.218 6.469 6.112
6.073 6.070 5.870
5.274 8.781 7.434
3.068 2.999 3.584
4.769 6.735 6.974
5.205 3.160 3.379
8.468 7.642 8.700
5.980 1.810 0.905
6.313 7.705 8.926
5.223 5.941 5.306
2.036 5.210 5.059
5.363 3.961 3.699
5.785 5.407 4.536
1.856 4.613 5.321
3.481 4.621 3.222
3.755 4.499 5.502
7.674 4.508 4.405
5.891 5.090 4.958
5.418 4.137 3.570
4.179 3.732 4.136
3.292 7.140 6.626
6.921 4.423 4.340
8.251 5.403 5.104
2.867 5.457 3.943
5.550 5.420 4.966
3.878 4.817 5.312
3.939 7.048 5.880
-0.119 5.205 5.945
4.096 5.792 6.437
3.577 5.765 5.345
3.523 3.920 2.957
4.429 8.468 8.187
4.189 4.294 4.997
7.157 5.208 5.198
6.530 6.929 7.843
4.994 2.578 3.145
2.881 4.974 4.572
6.229 5.860 5.721
6.078 6.023 5.523
4.460 4.041 4.091
8.071 5.579 4.448
7.052 5.646 6.465
5.386 5.974 5.753
4.034 6.235 6.626
5.549 6.471 5.287
1.611 6.348 4.481
2.442 4.674 4.703
2.325 4.194 3.493
5.637 7.150 6.134
4.237 3.765 3.633
7.705 5.482 5.271
4.984 5.571 5.231
2.386 5.751 6.877
7.602 4.526 5.496
6.878 5.517 5.696
6.237 6.146 5.463
6.288 5.293 6.185
3.598 5.019 4.607
1.137 5.674 5.849
3.506 4.528 4.751
5.573 1.855 2.341
4.924 4.419 5.173
4.895 5.164 4.492
7.396 3.215 2.594
7.789 6.834 5.750
1.739 5.850 5.989
4.748 3.343 4.356
3.252 4.982 4.471
10.115 3.039 4.007
5.022 6.067 6.071
7.077 5.188 6.575
4.727 7.238 7.797
0.632 4.691 5.711
3.488 5.533 5.003
5.073 6.300 5.848
7.720 2.859 2.417
3.737 6.692 6.054
5.503 6.179 6.791
10.287 4.505 3.699
5.744 1.922 1.977
5.672 5.839 5.527
3.177 6.899 6.968
2.642 5.937 5.227
3.994 4.095 4.039
6.398 4.967 5.066
4.533 3.710 3.301
5.409 5.312 5.125
7.417 3.002 3.288
3.575 6.118 5.976
4.672 7.747 8.392
2.932 5.361 5.314
6.518 5.570 4.626
2.450 4.797 4.114
1.190 5.780 6.501
5.464 5.412 4.439
9.380 4.393 5.045
1.633 4.799 4.828
3.393 6.795 6.135
1.129 3.723 3.986
2.401 4.936 3.107
3.585 1.239 1.452
4.684 2.828 2.605
4.314 8.032 7.567
4.122 6.265 6.024
2.420 5.243 5.919
8.543 4.085 3.470
3.530 5.223 4.703
3.559 5.915 5.948
5.166 4.766 5.002
2.717 6.347 6.422
2.706 4.197 3.827
7.912 5.416 5.720
5.455 5.743 4.828
7.103 6.168 6.115
1.872 5.371 6.147
4.892 5.281 5.373
2.138 2.847 1.307
5.219 5.256 4.669
6.277 4.827 5.268
7.914 3.990 4.492
4.059 4.726 5.608
4.815 4.136 4.353
5.308 5.671 5.468
4.390 6.214 6.146
6.155 6.561 6.076
3.972 7.321 6.849
4.829 4.837 4.105
6.193 4.523 4.628
7.801 3.503 3.634
1.981 7.227 6.385
3.832 6.711 4.989
5.707 6.467 6.476
6.235 3.248 3.588
2.530 4.771 4.144
1.543 5.294 4.094
5.460 5.423 4.311
4.574 4.235 4.500
3.921 5.037 5.006
5.425 6.431 5.570
5.295 5.227 6.427
4.490 6.817 6.234
1.777 3.338 4.615
4.567 4.481 4.575
6.951 5.453 5.105
1.643 3.984 3.287
4.019 5.338 4.610
6.700 3.170 3.439
2.592 4.093 3.669
3.175 4.297 4.595
5.653 4.680 4.510
1.816 5.883 5.376
9.286 3.430 3.561
8.278 4.182 4.274
4.419 5.272 6.268
2.583 6.327 5.609
2.986 4.395 3.834
8.525 7.363 7.626
8.137 3.918 5.267
1.916 6.013 5.884
3.979 5.659 5.082
5.443 3.415 3.168
6.457 6.390 5.892
5.794 4.347 4.517
5.943 7.097 6.891
6.767 4.862 4.798
4.828 5.547 5.243
3.521 5.996 5.646
6.579 3.727 2.604
-0.173 3.674 2.934
3.943 4.319 5.204
5.075 4.334 4.849
3.885 7.593 6.957
6.231 3.410 3.444
2.800 5.011 4.438
2.150 3.411 3.813
1.849 6.258 5.869
4.037 3.874 4.898
5.983 5.305 5.790
7.088 7.283 6.741
1.884 4.284 5.515
4.596 3.831 4.562
5.513 6.146 5.462
1.403 3.403 3.467
6.114 4.539 3.973
1.695 0.702 2.229
3.127 5.234 5.838
2.935 5.716 5.610
4.222 7.303 7.965
6.974 5.354 5.647
7.071 8.190 7.662
8.058 1.896 3.049
8.199 6.653 7.149
6.376 4.101 4.293
6.820 7.797 7.208
4.049 4.032 4.377
4.052 7.419 7.567
2.246 3.775 4.784
2.627 3.600 3.689
11.792 3.738 3.917
0.468 7.553 8.219
6.632 4.619 4.730
6.221 3.077 3.737
-0.045 5.460 4.703
1.811 5.789 5.890
2.816 5.658 5.542
4.830 5.719 5.093
5.053 2.609 3.157
4.087 4.942 5.761
4.992 5.753 5.481
6.719 8.100 8.122
5.997 2.662 3.339
4.359 7.048 7.147
4.886 4.064 4.693
5.396 7.069 7.591
8.707 3.450 3.286
6.614 4.759 3.788
-1.200 4.451 3.458
3.949 5.885 5.125
0.494 5.247 4.642
5.344 5.234 6.083
8.274 4.649 5.012
5.901 5.174 6.087
2.730 8.155 6.769
4.408 4.944 4.880
4.366 7.050 6.055
2.693 3.874 4.060
7.346 5.555 5.148
0.625 6.334 6.196
9.191 6.714 5.891
2.180 6.907 7.061
5.975 4.428 4.115
4.504 4.445 4.327
4.388 4.597 5.373
2.215 7.220 7.355
7.317 5.770 6.616
11.360 3.782 4.835
-1.467 5.981 5.457
3.723 5.600 5.224
4.831 4.515 4.858
6.731 6.355 6.569
9.120 4.010 4.605
3.896 3.253 3.960
2.970 5.975 6.612
5.267 5.756 5.258
2.711 5.338 4.193
8.597 5.931 7.302
4.932 5.146 5.765
4.076 5.476 4.994
5.297 4.879 4.571
2.672 5.413 5.208
4.279 5.628 4.957
5.251 4.142 4.324
5.305 3.160 4.187
2.372 4.214 5.000
5.229 5.575 5.442
4.296 5.293 5.367
5.423 2.004 1.762
7.278 1.269 1.205
6.062 4.544 4.915
3.008 6.535 5.920
5.246 2.932 3.034
11.042 5.743 4.934
4.100 7.330 7.054
-0.185 2.635 3.269
5.289 2.149 2.860
6.044 3.993 4.904
6.674 9.538 9.399
5.506 5.926 6.773
4.245 5.129 5.105
4.718 3.371 3.005
7.776 1.485 0.726
5.496 4.171 3.679
2.294 5.575 5.785
5.538 6.813 6.913
3.542 6.014 5.768
4.010 6.289 5.326
4.350 4.133 5.232
3.113 5.482 5.281
0.988 2.255 1.546
6.151 5.953 5.513
6.214 3.214 3.475
8.802 4.868 5.231
5.928 4.566 5.373
3.141 3.953 4.403
3.859 5.725 5.565
7.799 4.420 5.433
8.437 5.943 6.049
5.237 3.773 2.943
0.925 1.411 1.528
3.517 5.760 7.041
5.124 6.453 6.580
4.829 4.329 3.880
5.683 4.435 3.482
5.052 8.347 7.843
6.110 5.650 5.158
6.568 4.600 3.997
2.700 5.370 4.902
6.241 2.638 3.190
3.910 4.736 5.171
6.113 6.201 6.745
4.682 2.669 2.193
8.232 5.318 5.275
3.503 3.287 1.875
3.755 5.534 6.346
5.915 3.608 2.401
4.340 6.775 6.609
4.052 5.470 5.510
5.042 5.516 5.341
4.966 7.492 8.230
8.457 7.998 8.990
5.985 5.055 4.821
3.986 5.437 5.125
7.093 5.734 4.513
1.930 4.489 4.061
5.596 6.475 5.703
6.780 6.339 6.093
3.670 5.162 5.034
4.283 6.161 6.329
6.772 5.496 5.134
7.171 4.501 4.814
6.188 4.945 3.742
3.522 4.529 5.116
4.730 3.084 3.075
4.884 4.447 4.027
5.018 4.623 5.142
5.807 5.116 4.665
9.559 1.928 1.460
4.026 4.074 4.060
4.395 4.193 3.909
6.908 4.140 4.221
1.030 5.545 4.426
3.966 5.479 5.800
7.310 5.410 5.340
4.260 6.105 6.424
3.735 4.424 5.067
6.507 7.233 6.819
7.015 3.826 3.715
5.284 4.427 3.537
3.932 5.101 4.499
1.249 6.264 5.934
4.106 7.884 6.899
3.121 5.638 5.679
8.358 4.827 4.873
3.629 4.698 5.231
10.605 5.119 5.487
5.591 4.937 5.613
6.148 4.000 4.276
3.069 6.235 6.005
5.995 5.810 4.913
2.453 5.233 6.119
-1.340 2.168 2.938
6.915 4.425 4.312
6.543 3.754 3.858
3.716 6.147 6.959
5.550 7.133 5.897
6.902 3.065 3.400
4.843 5.830 6.548
3.689 4.578 4.113
4.330 3.841 3.275
2.696 3.996 3.267
8.024 6.065 6.004
3.355 4.248 4.524
4.813 2.429 2.895
0.066 5.942 4.778
3.713 5.240 4.895
7.127 3.918 3.714
3.340 4.406 5.039
4.417 7.133 6.567
6.956 4.374 4.213
6.087 4.829 4.656
7.889 3.226 2.467
1.336 4.739 5.495
4.389 4.122 5.506
4.032 4.944 4.794
2.977 4.606 4.900
6.996 4.287 4.954
2.886 3.880 4.458
2.749 3.389 2.830
7.368 6.276 6.928
2.862 6.406 6.040
8.117 6.391 5.761
5.793 5.347 5.685
5.367 5.100 4.991
3.269 5.564 4.874
5.783 7.214 7.290
5.063 4.612 4.658
4.718 5.976 6.279
4.746 3.157 3.564
3.450 1.842 2.556
5.700 5.431 5.740
7.462 5.272 4.967
1.607 7.227 7.071
6.679 4.522 4.984
2.649 3.363 3.182
5.415 5.302 4.703
6.447 4.994 4.398
0.729 7.269 6.944
4.462 5.571 6.149
8.384 3.318 3.664
-1.123 4.155 3.416
3.819 3.050 2.170
5.928 3.382 3.260
7.922 7.537 6.722
4.509 7.358 7.245
4.342 4.302 4.021
12.120 3.087 2.562
10.779 2.163 2.772
3.735 6.126 6.234
7.975 6.478 8.150
3.990 4.943 4.575
1.168 4.978 3.662
3.747 4.726 4.326
4.900 4.719 5.767
10.006 4.896 4.663
5.791 6.049 5.772
5.079 7.063 7.896
2.662 4.765 4.179
5.637 3.893 3.902
4.677 5.449 5.534
9.892 6.212 7.493
0.935 4.144 4.649
5.726 2.307 2.474
4.526 5.392 5.729
7.238 6.891 7.412
5.553 3.760 4.474
7.746 7.473 6.852
9.449 4.413 3.809
4.498 6.218 5.288
6.361 4.158 3.830
2.994 3.860 4.205
6.471 4.074 3.436
4.332 4.764 4.884
1.888 3.934 3.921
4.648 3.465 4.020
4.581 5.798 5.532
5.199 5.082 4.908
3.889 5.136 4.939
2.922 1.622 1.515
-0.321 5.324 5.176
9.388 5.816 4.600
6.393 6.412 5.794
6.157 5.377 5.702
3.391 5.477 5.076
3.153 4.117 3.751
1.785 4.922 4.318
1.745 5.304 4.844
7.619 7.953 7.440
7.980 6.527 6.827
9.110 3.976 3.838
7.012 5.393 4.860
7.260 4.137 4.594
5.952 6.571 5.735
6.553 5.590 5.213
6.252 4.958 5.979
7.346 6.884 6.895
6.544 4.842 5.001
4.864 4.460 4.549
4.754 5.478 4.700
1.381 5.313 4.353
5.544 5.258 5.964
3.952 2.892 2.642
5.989 4.935 4.286
3.916 2.995 3.013
4.973 4.143 4.672
6.503 7.977 7.569
1.610 6.790 7.734
-0.749 3.856 4.203
3.197 8.615 7.822
5.842 4.332 4.352
7.805 6.369 6.731
3.266 3.419 2.989
3.637 5.473 4.939
5.552 5.783 5.836
8.996 5.950 5.864
6.571 6.292 6.825
3.213 5.310 5.722
4.603 5.635 5.904
2.990 4.877 5.167
2.952 6.762 6.446
5.191 3.203 3.472
3.511 6.528 6.190
5.716 6.135 6.450
3.159 7.521 7.021
3.274 5.622 5.824
6.756 4.670 4.761
4.977 2.104 2.585
6.132 3.913 3.955
3.398 5.909 5.593
5.266 4.322 4.587
5.529 3.999 4.756
6.729 2.205 1.683
5.996 7.627 7.947
2.926 5.369 5.705
6.550 5.848 6.042
3.161 5.277 5.054
6.953 3.657 4.017
7.214 6.112 6.109
3.139 6.860 5.272
8.145 7.202 7.047
6.679 4.013 3.608
1.212 6.126 6.798
2.678 3.880 4.255
6.246 6.522 5.640
3.853 4.040 4.073
1.602 3.651 2.843
6.571 3.066 2.318
0.271 4.880 4.855
6.795 4.754 5.210
8.516 6.389 6.369
6.020 6.900 7.709
3.800 4.121 4.131
6.523 4.398 3.817
5.681 4.929 4.659
2.742 5.377 5.776
6.507 5.647 5.678
2.225 5.275 6.194
6.317 3.727 3.896
6.149 3.991 4.276
5.737 6.179 5.430
2.458 5.608 5.664
6.364 5.186 4.794
4.288 4.692 4.461
2.809 4.642 5.875
5.961 4.873 4.840
7.543 5.474 6.134
6.726 4.868 5.040
4.507 3.932 4.328
1.715 6.844 6.356
5.056 3.714 3.737
7.697 5.384 5.316
10.331 6.024 7.057
7.365 7.627 7.328
5.522 5.895 6.014
4.238 5.572 6.485
3.134 2.771 3.360
3.428 3.845 4.048
9.408 6.400 5.815
6.286 3.539 3.865
4.452 5.165 5.882
3.515 7.477 6.957
3.263 4.950 5.076
7.039 5.834 6.449
5.870 6.460 6.030
6.428 5.664 6.638
4.823 3.330 4.713
8.019 3.276 3.862
7.108 4.490 5.951
1.878 5.742 5.616
9.840 6.092 6.624
5.946 4.661 4.419
6.592 5.792 5.966
4.514 6.546 6.604
4.675 3.437 3.766
1.946 3.819 4.364
4.076 4.925 4.483
2.964 3.513 3.239
3.803 2.620 3.110
3.626 7.473 7.820
4.226 4.712 4.731
5.076 5.710 6.102
2.391 2.004 2.375
4.257 5.523 5.510
1.930 5.612 5.342
4.481 7.898 8.089
6.940 3.643 3.020
5.326 4.195 5.530
3.629 8.300 8.070
9.300 4.567 4.550
4.221 3.924 3.452
2.948 4.721 3.210
1.034 6.761 7.269
5.907 6.756 6.732
0.616 1.590 2.164
7.068 5.725 6.596
5.280 3.947 3.581
6.159 5.275 4.680
5.011 5.519 5.080
8.239 4.255 3.347
3.291 4.693 3.475
2.579 3.985 4.156
2.925 3.742 4.431
9.605 4.478 4.645
3.156 6.015 5.456
0.872 3.709 3.589
3.317 2.652 3.920
9.139 6.344 5.545
6.744 3.427 2.838
5.550 3.356 4.505
2.442 5.335 5.518
6.701 5.035 4.387
2.724 6.054 5.183
3.596 5.055 4.890
10.249 4.225 3.875
4.280 5.492 5.230
4.441 2.700 3.457
3.727 3.892 3.653
3.504 4.845 4.618
2.749 5.584 5.847
5.072 2.401 2.444
3.616 2.754 3.017
2.415 3.993 4.392
2.493 5.337 5.083
-0.343 3.391 3.261
4.824 6.162 5.369
7.748 4.796 4.666
3.197 6.590 4.632
3.136 3.640 3.678
5.885 5.801 5.672
3.641 4.659 3.825
6.382 4.985 5.223
4.785 7.014 7.324
3.931 7.497 6.646
4.826 5.292 6.187
4.469 3.633 2.865
4.522 4.771 4.711
5.145 6.163 5.856
4.924 5.214 5.366
3.594 4.222 3.211
5.739 4.893 4.529
9.792 5.789 6.321
3.217 3.166 3.813
3.831 4.357 3.066
5.837 6.417 5.281
2.876 5.960 6.028
8.154 6.636 6.105
8.619 4.766 5.193
7.474 4.411 3.981
7.337 5.470 5.535
7.303 5.590 5.893
6.932 2.500 2.742
4.609 3.689 4.001
5.971 3.214 3.270
3.764 3.685 3.194
4.963 5.931 5.657
2.339 3.525 3.959
7.062 4.310 4.940
5.763 2.626 2.408
5.435 6.112 6.040
5.069 5.631 5.073
3.368 6.881 8.108
8.975 3.618 4.272
1.026 5.634 5.933
1.860 5.114 4.918
1.434 5.520 5.520
7.465 7.227 5.063
5.523 5.017 4.298
5.101 5.715 6.444
4.663 3.804 4.697
2.945 6.213 6.457
5.154 5.852 6.241
6.657 3.001 3.534
2.862 6.603 5.584
6.137 6.568 7.174
5.088 3.522 3.476
1.200 3.448 4.312
2.606 5.283 4.944
3.210 5.310 5.949
7.882 5.208 5.152
3.555 2.843 2.913
9.776 6.238 6.103
7.647 3.461 3.781
6.479 4.483 4.010
3.423 3.168 2.787
3.837 5.914 4.736
5.186 6.917 6.624
5.392 5.100 5.388
5.858 6.353 5.953
10.015 5.162 5.597
4.764 6.405 7.252
4.186 4.400 4.308
1.903 5.710 5.808
4.262 5.366 5.953
5.777 3.767 3.167
6.211 4.413 3.906
4.837 4.066 4.159
3.578 7.780 6.866
7.425 4.777 4.065
6.593 5.526 5.354
7.018 7.092 6.138
3.066 4.817 4.898
4.618 3.505 2.032
5.272 2.963 2.376
9.058 3.508 3.624
6.348 5.706 6.410
4.888 5.027 5.080
4.894 5.156 5.027
7.278 3.381 3.489
5.165 4.786 5.141
4.478 4.117 3.823
4.313 3.964 4.542
4.933 4.832 5.504
4.727 2.726 2.528
4.529 6.461 6.164
5.974 3.602 4.111
3.144 4.720 4.478
3.712 4.469 3.641
5.935 5.267 5.357
7.987 5.594 6.143
4.483 6.147 5.953
3.196 4.828 4.932
3.453 3.845 4.430
8.605 2.985 3.880
8.504 3.860 4.218
8.571 2.954 3.053
5.116 4.251 4.003
6.473 6.439 6.178
6.558 4.708 6.157
7.660 7.567 7.698
3.808 5.873 5.432
3.428 5.408 5.203
9.153 5.188 4.849
5.518 6.841 6.008
3.258 5.050 5.641
9.883 4.110 4.546
3.375 3.704 3.759
1.893 5.792 5.185
3.828 3.915 3.678
0.132 2.974 3.509
8.032 4.896 3.955
4.620 3.453 3.845
3.580 5.706 4.265
4.150 4.090 4.146
10.701 3.205 4.006
6.744 2.812 4.289
1.649 3.262 3.254
5.679 6.391 5.893
1.879 5.391 6.249
9.196 7.495 6.918
5.811 8.141 8.232
6.326 5.567 6.530
6.759 3.955 4.990
4.796 4.664 4.708
5.721 4.057 4.367
6.915 5.331 5.714
4.969 7.497 8.089
6.247 4.145 3.976
5.062 3.702 3.929
6.310 2.567 2.791
6.831 2.417 2.450
5.861 6.124 5.676
7.899 4.347 4.435
4.804 4.307 4.787
6.769 4.411 4.839
3.857 4.069 3.424
4.992 6.619 6.806
0.939 7.787 7.252
3.296 4.148 3.902
3.640 5.309 5.500
8.456 3.819 4.282
6.216 3.297 3.150
5.602 3.448 2.858
7.909 5.652 4.869
4.151 7.695 6.911
9.310 4.215 5.482
7.284 7.199 7.367
6.644 6.478 5.101
3.086 2.344 2.746
10.042 6.731 6.616
2.111 4.697 4.598
7.283 7.908 7.272
9.602 6.163 6.551
6.511 3.357 3.308
5.798 3.866 3.574
7.163 5.820 5.792
2.677 5.628 5.174
3.114 7.294 7.128
9.025 4.584 4.712
6.568 5.788 5.127
5.192 4.763 4.267
2.972 4.135 4.030
5.126 6.845 7.031
7.763 3.840 3.972
8.665 6.079 5.889
3.466 7.018 5.340
6.588 4.830 4.487
6.687 7.051 6.667
7.322 2.664 2.998
2.932 4.820 4.835
5.993 8.431 8.446
4.350 5.498 5.001
2.608 2.752 2.168
4.207 3.891 3.997
7.113 4.532 6.237
5.973 5.030 3.510
4.254 5.999 5.924
2.410 6.808 5.813
9.568 4.932 4.364
4.220 6.175 5.408
2.315 3.724 3.808
3.123 3.989 3.753
5.636 4.378 4.489
3.852 4.369 2.411
5.227 7.244 7.946
2.486 5.328 5.777
4.797 3.247 3.526
4.835 6.321 6.730
4.050 4.912 3.829
3.566 6.764 5.814
3.029 2.396 2.682
4.641 3.048 3.431
5.343 6.225 6.548
3.057 4.985 4.892
8.309 4.833 4.959
3.475 4.221 3.273
4.927 6.879 6.470
6.305 0.798 1.353
2.714 7.280 7.589
1.682 5.674 5.855
5.175 5.019 5.495
3.782 5.668 5.296
1.550 4.896 4.072
4.891 5.083 6.185
7.397 5.327 5.426
4.880 4.939 5.018
4.843 6.197 6.043
3.293 9.091 8.330
9.273 2.498 2.919
0.826 4.557 5.592
4.144 3.078 3.430
5.503 5.753 6.655
1.646 4.355 4.294
12.016 5.163 5.161
7.038 3.254 2.544
4.295 5.899 5.755
1.659 6.189 6.469
0.545 4.012 2.986
6.924 5.891 5.688
5.365 5.168 5.921
1.012 4.405 5.028
8.613 6.808 5.812
2.581 4.065 4.007
4.505 5.967 5.472
5.047 6.847 6.480
6.101 5.549 5.271
3.856 3.051 3.582
7.820 5.420 5.387
-0.065 4.359 5.280
-0.311 3.566 3.704
7.097 5.832 5.564
3.753 4.828 5.041
5.125 5.145 5.043
8.229 3.795 3.782
6.442 5.261 5.358
3.540 6.655 6.205
6.166 7.368 7.567
1.028 3.392 3.661
5.337 4.314 4.310
4.498 3.411 3.115
8.824 5.338 4.922
2.715 3.017 3.436
6.098 4.689 4.909
3.142 5.112 4.338
4.816 2.587 3.101
3.952 4.211 4.136
6.430 6.090 6.069
4.119 5.933 5.231
2.851 4.019 3.899
8.201 5.846 5.166
5.972 3.000 2.485
5.197 4.453 5.403
3.558 6.126 5.716
2.355 3.990 2.566
7.047 3.143 3.500
6.562 4.791 4.577
8.193 3.113 2.866
5.946 4.820 4.706
5.067 6.241 6.623
5.746 4.284 3.923
8.776 3.837 3.611
5.931 5.379 5.793
6.469 4.845 3.725
4.865 4.864 4.389
5.945 4.168 3.849
7.028 5.303 5.253
10.287 6.403 5.747
4.796 5.221 5.701
4.140 6.108 6.989
4.903 3.508 3.098
2.919 3.777 4.312
6.477 4.680 5.361
6.188 5.685 5.763
5.610 5.633 5.721
3.452 5.601 5.914
5.485 3.899 4.853
1.394 6.992 6.474
3.443 4.811 5.413
2.638 6.852 6.180
6.795 4.526 4.321
1.445 3.386 3.980
2.933 6.610 6.850
3.252 6.026 6.912
6.579 4.819 4.761
9.029 6.663 6.350
5.112 5.110 4.363
1.790 0.689 1.611
1.858 4.810 5.042
2.147 3.400 3.562
4.203 5.494 4.993
5.749 6.542 5.777
6.326 1.678 1.867
5.011 4.291 3.689
3.742 6.605 5.419
-0.474 5.005 5.816
3.451 4.734 4.397
2.846 7.168 6.018
8.227 6.068 7.033
1.595 2.729 2.900
5.402 4.403 4.096
2.520 5.061 5.081
5.125 5.236 4.879
3.650 2.862 3.211
2.600 4.251 5.064
6.959 3.155 2.176
6.334 2.973 3.876
5.311 2.498 1.924
8.041 4.743 4.230
6.337 2.926 2.968
4.063 1.883 2.312
5.896 4.278 3.766
3.007 4.155 4.852
7.505 7.141 7.292
2.130 7.501 8.151
1.805 3.810 4.484
5.306 6.537 6.807
1.821 2.579 2.565
4.703 5.955 5.272
2.036 4.620 3.989
4.821 5.226 5.286
6.111 2.152 2.368
7.521 4.029 4.098
4.463 4.983 5.896
8.584 7.485 6.914
5.986 4.532 4.805
6.561 5.218 3.909
3.430 5.111 4.645
3.721 6.901 6.311
5.007 6.601 7.291
2.966 4.210 3.986
4.082 6.116 6.723
2.954 7.671 7.153
6.627 2.202 2.051
5.806 5.538 5.321
4.936 6.009 5.484
7.037 7.042 7.435
4.585 5.065 5.510
6.020 4.708 5.884
3.709 1.323 1.155
1.817 4.021 3.889
6.741 3.074 4.589
3.014 4.048 4.164
5.997 6.110 5.895
3.970 4.624 5.633
4.181 2.925 3.816
8.223 4.575 4.537
8.435 5.603 4.690
7.162 5.361 4.775
